488 (atomic units)
-2378.98311503
-2378.98311503
-2378.98303132
-2378.98303132
-2378.98294761
-2378.98294761
-2378.98286390
-2378.98286390
-2378.91301696
-2378.91301696
-2378.91291383
-2378.91291383
-2378.91164943
-2378.91164943
-2378.91156059
-2378.91156059
-2378.91032834
-2378.91032834
-2378.91023562
-2378.91023562
-2378.91021675
-2378.91021675
-2378.91011896
-2378.91011896
-2378.90233517
-2378.90233517
-2378.90209191
-2378.90209191
-2378.90091229
-2378.90091229
-2378.90050369
-2378.90050369
-2378.89983372
-2378.89983372
-2378.89962548
-2378.89962548
-2378.89934031
-2378.89934031
-2378.89924453
-2378.89924453
-2378.89840076
-2378.89840076
-2378.89833689
-2378.89833689
-2378.89800360
-2378.89800360
-2378.89792612
-2378.89792612
-2378.89674283
-2378.89674283
-2378.89632416
-2378.89632416
-2378.89618078
-2378.89618078
-2378.89614864
-2378.89614864
-2378.88069012
-2378.88069012
-2378.88068485
-2378.88068485
-2378.87989856
-2378.87989856
-2378.87983635
-2378.87983635
-2378.87926956
-2378.87926956
-2378.87912605
-2378.87912605
-2378.87910041
-2378.87910041
-2378.87884276
-2378.87884276
-2378.87533327
-2378.87533327
-2378.87528877
-2378.87528877
-2378.87511851
-2378.87511851
-2378.87471783
-2378.87471783
-2378.87365888
-2378.87365888
-2378.87303112
-2378.87303112
-2378.87271193
-2378.87271193
-2378.87237716
-2378.87237716
-2378.86871424
-2378.86871424
-2378.86866644
-2378.86866644
-2378.86810912
-2378.86810912
-2378.86798304
-2378.86798304
-2378.86735705
-2378.86735705
-2378.86730965
-2378.86730965
-2378.86727532
-2378.86727532
-2378.86724028
-2378.86724028
-2378.86687232
-2378.86687232
-2378.86655839
-2378.86655839
-2378.86622104
-2378.86622104
-2378.86596521
-2378.86596521
-2378.86582631
-2378.86582631
-2378.86575492
-2378.86575492
-2378.86541864
-2378.86541864
-2378.86540156
-2378.86540156
-2378.86509414
-2378.86509414
-2378.86503284
-2378.86503284
-2378.86501075
-2378.86501075
-2378.86469202
-2378.86469202
-2378.86413286
-2378.86413286
-2378.86380984
-2378.86380984
-2378.86313051
-2378.86313051
-2378.86250175
-2378.86250175
-2378.86141341
-2378.86141341
-2378.86139564
-2378.86139564
-2378.86130345
-2378.86130345
-2378.86116851
-2378.86116851
-2378.86055934
-2378.86055934
-2378.86052867
-2378.86052867
-2378.85908970
-2378.85908970
-2378.85904440
-2378.85904440
-2378.85616339
-2378.85616339
-2378.85614229
-2378.85614229
-2378.85393890
-2378.85393890
-2378.85389537
-2378.85389537
-2378.85002768
-2378.85002768
-2378.85000049
-2378.85000049
-2378.84438533
-2378.84438533
-2378.84433432
-2378.84433432
-2378.84229326
-2378.84229326
-2378.84227417
-2378.84227417
-2378.84007757
-2378.84007757
-2378.84004880
-2378.84004880
-2378.83760642
-2378.83760642
-2378.83759525
-2378.83759525
-2378.83637319
-2378.83637319
-2378.83636664
-2378.83636664
-2378.83509548
-2378.83509548
-2378.83500177
-2378.83500177
-2378.83448410
-2378.83448410
-2378.83447483
-2378.83447483
-2378.83383001
-2378.83383001
-2378.83382860
-2378.83382860
-2378.83373804
-2378.83373804
-2378.83373505
-2378.83373505
-2378.82810814
-2378.82810814
-2378.82798689
-2378.82798689
-2378.82725836
-2378.82725836
-2378.82722745
-2378.82722745
-2378.82659243
-2378.82659243
-2378.82659157
-2378.82659157
-2378.82644669
-2378.82644669
-2378.82643781
-2378.82643781
-2378.82410929
-2378.82410929
-2378.82383425
-2378.82383425
-2378.82368021
-2378.82368021
-2378.82352290
-2378.82352290
-2378.82348559
-2378.82348559
-2378.82345950
-2378.82345950
-2378.82341583
-2378.82341583
-2378.82341203
-2378.82341203
-2378.82337988
-2378.82337988
-2378.82322781
-2378.82322781
-2378.82321649
-2378.82321649
-2378.82307450
-2378.82307450
-2378.82272995
-2378.82272995
-2378.82227602
-2378.82227602
-2378.82189427
-2378.82189427
-2378.82189071
-2378.82189071
-2378.82133869
-2378.82133869
-2378.82131295
-2378.82131295
-2378.82130809
-2378.82130809
-2378.82090870
-2378.82090870
-2378.82088664
-2378.82088664
-2378.82053570
-2378.82053570
-2378.81971510
-2378.81971510
-2378.81970857
-2378.81970857
-2378.81865725
-2378.81865725
-2378.81833588
-2378.81833588
-2378.81830143
-2378.81830143
-2378.81796244
-2378.81796244
-2378.81751450
-2378.81751450
-2378.81747425
-2378.81747425
-2378.81730322
-2378.81730322
-2378.81725642
-2378.81725642
-2378.81665258
-2378.81665258
-2378.81588556
-2378.81588556
-2378.81581565
-2378.81581565
-2378.81539875
-2378.81539875
-2378.81537681
-2378.81537681
-2378.81531469
-2378.81531469
-2378.81246995
-2378.81246995
-2378.81238729
-2378.81238729
-2378.81235142
-2378.81235142
-2378.81234367
-2378.81234367
-2378.81229847
-2378.81229847
-2378.81211316
-2378.81211316
-2378.81202849
-2378.81202849
-2378.81184304
-2378.81184304
-2378.81178819
-2378.81178819
-2378.81173104
-2378.81173104
-2378.81121765
-2378.81121765
-2378.81121135
-2378.81121135
-2378.81076385
-2378.81076385
-2378.81072675
-2378.81072675
-2378.80913798
-2378.80913798
-2378.80890930
-2378.80890930
-2378.80856545
-2378.80856545
-2378.80831686
-2378.80831686
-2378.80800993
-2378.80800993
-2378.80796108
-2378.80796108
-2378.80789844
-2378.80789844
-2378.80787417
-2378.80787417
-2378.80777071
-2378.80777071
-2378.80771274
-2378.80771274
-2378.80753285
-2378.80753285
-2378.80714267
-2378.80714267
-2378.80710226
-2378.80710226
-2378.80687701
-2378.80687701
-2378.80671267
-2378.80671267
-2378.80670700
-2378.80670700
-2378.80655514
-2378.80655514
-2378.80652627
-2378.80652627
-2378.80557363
-2378.80557363
-2378.80502560
-2378.80502560
-2378.80468843
-2378.80468843
-2378.80445664
-2378.80445664
-2378.80419836
-2378.80419836
-2378.80390662
-2378.80390662
-2378.80374556
-2378.80374556
-2378.80286492
-2378.80286492
-2378.80228975
-2378.80228975
-2378.80208634
-2378.80208634
-2378.80089078
-2378.80089078
-2378.80085913
-2378.80085913
-2378.79975463
-2378.79975463
-2378.79953196
-2378.79953196
-2378.79773471
-2378.79773471
-2378.79752747
-2378.79752747
-2378.79635505
-2378.79635505
-2378.79635245
-2378.79635245
-2378.79530482
-2378.79530482
-2378.79509641
-2378.79509641
-2378.79504107
-2378.79504107
-2378.79492624
-2378.79492624
-2378.79393076
-2378.79393076
-2378.79385976
-2378.79385976
-2378.79125265
-2378.79125265
-2378.79122779
-2378.79122779
-2378.79017991
-2378.79017991
-2378.79011363
-2378.79011363
-2378.78900521
-2378.78900521
-2378.78882457
-2378.78882457
-2378.78591946
-2378.78591946
-2378.78590916
-2378.78590916
-2378.78330329
-2378.78330329
-2378.78322850
-2378.78322850
-2378.77681115
-2378.77681115
-2378.77678546
-2378.77678546
-2378.77499846
-2378.77499846
-2378.77498639
-2378.77498639
-2378.77441528
-2378.77441528
-2378.77428086
-2378.77428086
-2378.77080771
-2378.77080771
-2378.77073934
-2378.77073934
-2378.76535974
-2378.76535974
-2378.76531281
-2378.76531281
-2378.76399034
-2378.76399034
-2378.76395784
-2378.76395784
-2378.76360142
-2378.76360142
-2378.76356161
-2378.76356161
-2378.75832139
-2378.75832139
-2378.75823513
-2378.75823513
-2378.74920367
-2378.74920367
-2378.74913163
-2378.74913163
-2378.74050640
-2378.74050640
-2378.74047415
-2378.74047415
-2378.74000825
-2378.74000825
-2378.73988968
-2378.73988968
-2378.73918030
-2378.73918030
-2378.73913267
-2378.73913267
-2378.73858390
-2378.73858390
-2378.73846964
-2378.73846964
-2378.73122680
-2378.73122680
-2378.73043137
-2378.73043137
-2378.72970366
-2378.72970366
-2378.72963520
-2378.72963520
-2378.72925424
-2378.72925424
-2378.72838379
-2378.72838379
