 # E/cm^-1, MCD-term (au), MCD-term (D**2)
 # Symmetry            1
    0.576730000000000E+03    0.000000000000000E+00    0.000000000000000E+00
    0.119552100000000E+05    0.481200000000000E-04    0.310910000000000E-03
    0.124427100000000E+05   -0.245200000000000E-04   -0.158440000000000E-03
    0.131511100000000E+05    0.146400000000000E-04    0.946000000000000E-04
    0.131810300000000E+05   -0.243200000000000E-04   -0.157090000000000E-03
    0.134716000000000E+05    0.993700000000000E-04    0.641950000000000E-03
    0.140960500000000E+05   -0.209250000000000E-03   -0.135184000000000E-02
    0.147432500000000E+05    0.725000000000000E-05    0.468100000000000E-04
    0.147953400000000E+05   -0.175800000000000E-04   -0.113580000000000E-03
    0.150152500000000E+05   -0.300780000000000E-03   -0.194317000000000E-02
    0.166386500000000E+05   -0.279365700000000E-01   -0.180483490000000E+00
    0.167974900000000E+05    0.179500000000000E-03    0.115968000000000E-02
    0.169116900000000E+05   -0.168464600000000E-01   -0.108836110000000E+00
    0.170094600000000E+05    0.182350000000000E-03    0.117808000000000E-02
    0.185843700000000E+05   -0.127011000000000E-02   -0.820553000000000E-02
    0.187565800000000E+05    0.138090000000000E-03    0.892140000000000E-03
    0.189673400000000E+05   -0.575393670000000E+00   -0.371731599000000E+01
    0.189945800000000E+05    0.796200000000000E-04    0.514380000000000E-03
    0.191904600000000E+05    0.586873380000000E+00    0.379148037000000E+01
    0.195251600000000E+05   -0.594088060000000E+00   -0.383809061000000E+01
    0.197597600000000E+05    0.584664630000000E+00    0.377721079000000E+01
    0.206863400000000E+05   -0.640554000000000E-02   -0.413828100000000E-01
    0.210108600000000E+05    0.130211600000000E-01    0.841228500000000E-01
    0.214694100000000E+05    0.174591000000000E-02    0.112794200000000E-01
    0.217173600000000E+05   -0.307910000000000E-03   -0.198924000000000E-02
    0.222767600000000E+05   -0.129330000000000E-03   -0.835520000000000E-03
    0.226972600000000E+05    0.261770000000000E-03    0.169114000000000E-02
    0.231466800000000E+05    0.165800000000000E-04    0.107130000000000E-03
    0.233873000000000E+05   -0.200200000000000E-04   -0.129320000000000E-03
    0.241986500000000E+05   -0.371560000000000E-03   -0.240043000000000E-02
    0.248558400000000E+05    0.154521000000000E-02    0.998278000000000E-02
    0.255208000000000E+05   -0.428465965000000E+01   -0.276809333300000E+02
    0.255564400000000E+05   -0.881294137000000E+01   -0.569357808400000E+02
    0.257435400000000E+05    0.293145000000000E-02    0.189385500000000E-01
    0.260619800000000E+05    0.130759461900000E+02    0.844768137300000E+02
    0.261274600000000E+05   -0.131404360800000E+02   -0.848934489700000E+02
    0.268243400000000E+05    0.126707499000000E+02    0.818590534900000E+02
    0.272571700000000E+05    0.383273230000000E+00    0.247612682000000E+01
    0.290964300000000E+05    0.806314000000000E-02    0.520917000000000E-01
    0.293379500000000E+05   -0.896682600000000E-01   -0.579299470000000E+00
    0.294965500000000E+05    0.258914000000000E-02    0.167270400000000E-01
    0.296096300000000E+05   -0.134955900000000E-01   -0.871879300000000E-01
    0.296921800000000E+05   -0.157959000000000E-02   -0.102048800000000E-01
    0.299526200000000E+05   -0.230441800000000E-01   -0.148876340000000E+00
    0.300806800000000E+05    0.116530000000000E-03    0.752850000000000E-03
    0.304273700000000E+05   -0.192226000000000E-02   -0.124187000000000E-01
    0.310352000000000E+05    0.217728700000000E-01    0.140663080000000E+00
    0.311975400000000E+05    0.266942480000000E+00    0.172457500000000E+01
    0.318823600000000E+05   -0.300623380000000E+00   -0.194216961000000E+01
    0.319307500000000E+05    0.731980000000000E-03    0.472895000000000E-02
    0.319518100000000E+05    0.222675040000000E+00    0.143858635000000E+01
    0.320843800000000E+05   -0.522700000000000E-04   -0.337690000000000E-03
    0.320967100000000E+05   -0.814908000000000E-02   -0.526469100000000E-01
    0.324793000000000E+05   -0.502937820000000E+00   -0.324921683000000E+01
    0.328151900000000E+05    0.187770000000000E-03    0.121308000000000E-02
    0.329454100000000E+05    0.442798000000000E-02    0.286068700000000E-01
    0.330225400000000E+05    0.393464000000000E-02    0.254196700000000E-01
    0.331026500000000E+05   -0.140150000000000E-03   -0.905410000000000E-03
    0.331795900000000E+05   -0.344300000000000E-04   -0.222460000000000E-03
    0.331940200000000E+05    0.469900000000000E-04    0.303560000000000E-03
    0.333752400000000E+05   -0.114033000000000E-02   -0.736707000000000E-02
    0.334857700000000E+05   -0.100000000000000E-06   -0.620000000000000E-06
    0.335881000000000E+05    0.290990000000000E-03    0.187995000000000E-02
    0.337084700000000E+05    0.124486600000000E-01    0.804242700000000E-01
    0.337649300000000E+05   -0.807100000000000E-03   -0.521428000000000E-02
    0.338210800000000E+05   -0.144811000000000E-02   -0.935550000000000E-02
    0.339453900000000E+05    0.489376300000000E-01    0.316160320000000E+00
    0.340538700000000E+05    0.612000000000000E-04    0.395390000000000E-03
    0.342135200000000E+05   -0.548947000000000E-02   -0.354645700000000E-01
    0.346177900000000E+05    0.104020000000000E-03    0.672040000000000E-03
    0.348584600000000E+05   -0.905000000000000E-05   -0.584700000000000E-04
    0.349140000000000E+05   -0.235000000000000E-04   -0.151840000000000E-03
    0.349339300000000E+05   -0.156037065000000E+01   -0.100807344100000E+02
    0.351204300000000E+05    0.891174000000000E-02    0.575740800000000E-01
    0.352781900000000E+05    0.870264960000000E+00    0.562232440000000E+01
    0.352820900000000E+05    0.719593180000000E+00    0.464891319000000E+01
    0.353923600000000E+05    0.125200000000000E-02    0.808849000000000E-02
    0.354540800000000E+05   -0.103916400000000E-01   -0.671349500000000E-01
    0.354999700000000E+05    0.680480000000000E-03    0.439621000000000E-02
    0.355774300000000E+05   -0.185730200000000E-01   -0.119990500000000E+00
    0.356124600000000E+05   -0.155140590000000E+01   -0.100228178600000E+02
    0.357506900000000E+05    0.677584080000000E+00    0.437751451000000E+01
    0.358586400000000E+05    0.156269611000000E+01    0.100957580100000E+02
    0.359398200000000E+05   -0.309134000000000E-02   -0.199715500000000E-01
    0.365422100000000E+05   -0.897445900000000E-01   -0.579792620000000E+00
    0.373195500000000E+05    0.301400000000000E-04    0.194700000000000E-03
    0.373602700000000E+05   -0.235067000000000E-02   -0.151864100000000E-01
    0.375624500000000E+05   -0.619538000000000E-02   -0.400251100000000E-01
    0.376378400000000E+05    0.363300000000000E-04    0.234720000000000E-03
    0.376412300000000E+05   -0.715880000000000E-03   -0.462494000000000E-02
    0.378361900000000E+05   -0.152320000000000E-03   -0.984080000000000E-03
    0.379068500000000E+05    0.161270000000000E-02    0.104188100000000E-01
    0.380296800000000E+05   -0.537670000000000E-03   -0.347361000000000E-02
    0.381056400000000E+05   -0.707100000000000E-03   -0.456819000000000E-02
    0.382267100000000E+05   -0.107217600000000E-01   -0.692676500000000E-01
    0.383833400000000E+05    0.158810000000000E-03    0.102602000000000E-02
    0.384319200000000E+05    0.108321000000000E-02    0.699803000000000E-02
    0.384924700000000E+05    0.458700000000000E-02    0.296342100000000E-01
    0.385773400000000E+05    0.487040000000000E-03    0.314650000000000E-02
    0.386387800000000E+05   -0.314600000000000E-04   -0.203270000000000E-03
    0.389846700000000E+05   -0.114997000000000E-02   -0.742934000000000E-02
    0.391628600000000E+05    0.435840000000000E-03    0.281570000000000E-02
    0.395536300000000E+05    0.135395700000000E-01    0.874720700000000E-01
    0.395673100000000E+05   -0.203600000000000E-03   -0.131535000000000E-02
    0.400397400000000E+05   -0.113260000000000E-02   -0.731714000000000E-02
    0.404067000000000E+05   -0.308457000000000E-02   -0.199278100000000E-01
    0.407367500000000E+05   -0.266190000000000E-02   -0.171971600000000E-01
    0.407871400000000E+05   -0.214093000000000E-02   -0.138314100000000E-01
    0.407952200000000E+05    0.114145000000000E-02    0.737429000000000E-02
    0.409646700000000E+05   -0.930210000000000E-03   -0.600960000000000E-02
    0.411143600000000E+05    0.831246000000000E-02    0.537024300000000E-01
    0.416779600000000E+05    0.851335000000000E-02    0.550002900000000E-01
    0.420504600000000E+05   -0.413390000000000E-02   -0.267069500000000E-01
    0.421829300000000E+05    0.210827100000000E-01    0.136204300000000E+00
    0.422250600000000E+05   -0.338653000000000E-02   -0.218785900000000E-01
    0.423687700000000E+05   -0.783300000000000E-04   -0.506060000000000E-03
    0.424597100000000E+05    0.152780000000000E-03    0.987020000000000E-03
    0.424972200000000E+05    0.266261500000000E-01    0.172017540000000E+00
    0.432970900000000E+05    0.576579700000000E-01    0.372497850000000E+00
    0.436695000000000E+05    0.808860000000000E-03    0.522562000000000E-02
    0.438027800000000E+05   -0.214979000000000E-01   -0.138886610000000E+00
    0.442114700000000E+05   -0.803863300000000E-01   -0.519333810000000E+00
    0.444807300000000E+05   -0.411000000000000E-04   -0.265510000000000E-03
    0.445844300000000E+05   -0.443980000000000E-03   -0.286834000000000E-02
    0.448159300000000E+05    0.122232000000000E-02    0.789678000000000E-02
    0.449344200000000E+05   -0.113621000000000E-02   -0.734043000000000E-02
    0.450551600000000E+05   -0.165150000000000E-03   -0.106694000000000E-02
    0.453298300000000E+05    0.276663000000000E-02    0.178737300000000E-01
    0.453617300000000E+05    0.253010000000000E-02    0.163456500000000E-01
    0.454522100000000E+05   -0.734400000000000E-04   -0.474480000000000E-03
    0.455042600000000E+05    0.367610000000000E-03    0.237493000000000E-02
    0.455936600000000E+05    0.434600000000000E-04    0.280770000000000E-03
    0.456359800000000E+05    0.146060000000000E-03    0.943620000000000E-03
    0.468741800000000E+05    0.684180000000000E-03    0.442013000000000E-02
    0.487929600000000E+05   -0.148669000000000E-02   -0.960474000000000E-02
    0.499769200000000E+05    0.490783000000000E-02    0.317069200000000E-01
    0.501296900000000E+05    0.189330000000000E-03    0.122314000000000E-02
    0.502326200000000E+05    0.585470000000000E-03    0.378243000000000E-02
    0.503289300000000E+05   -0.829860000000000E-03   -0.536128000000000E-02
    0.503577900000000E+05   -0.201970000000000E-03   -0.130483000000000E-02
    0.508468000000000E+05   -0.255250000000000E-03   -0.164906000000000E-02
    0.513840800000000E+05   -0.191528200000000E-01   -0.123736310000000E+00
    0.516725600000000E+05    0.730300000000000E-04    0.471800000000000E-03
    0.520240600000000E+05    0.411430000000000E-03    0.265804000000000E-02
    0.520463400000000E+05   -0.288000000000000E-05   -0.186000000000000E-04
    0.523624000000000E+05    0.221860000000000E-02    0.143331900000000E-01
    0.523647200000000E+05    0.763307000000000E-02    0.493132600000000E-01
    0.523869200000000E+05    0.319680000000000E-03    0.206530000000000E-02
    0.524009500000000E+05   -0.471076000000000E-02   -0.304337300000000E-01
    0.527102900000000E+05   -0.352398000000000E-02   -0.227665800000000E-01
    0.527941000000000E+05    0.231560000000000E-03    0.149599000000000E-02
    0.541222000000000E+05   -0.911400000000000E-04   -0.588830000000000E-03
    0.541358500000000E+05    0.332400000000000E-04    0.214770000000000E-03
    0.542112700000000E+05   -0.944200000000000E-04   -0.609970000000000E-03
    0.544584600000000E+05    0.871000000000000E-05    0.563000000000000E-04
    0.548641200000000E+05   -0.160600000000000E-04   -0.103750000000000E-03
    0.549596500000000E+05   -0.109300000000000E-04   -0.706200000000000E-04
    0.591016900000000E+05    0.131560000000000E-03    0.849920000000000E-03


