&plot nsyme(1)=    228, ndegen(1)=1, sigma=1000, sharpen=1, npoints=300,
 nexcit=    228, invert=F, waveno=T, term='C', temp=  50.00, theta=T /


#  E(cm**-1), Re-C (au), Re-C (D**2), Im-C (au), Im-C (D**2)
          18.37             0.00000000            0.00000000            0.00000000            0.00000000
          36.74             0.00000000            0.00000000            0.00000000            0.00000000
          55.12             0.00000000            0.00000000            0.00000000            0.00000000
       15384.75            -0.00431345           -0.02786695            0.00000000            0.00000000
       15407.38            -0.00430791           -0.02783115            0.00000000            0.00000000
       15684.89             0.00475250            0.03070341            0.00000000            0.00000000
       15704.38             0.00473050            0.03056128            0.00000000            0.00000000
       15974.83            -0.00859452           -0.05552469            0.00000000            0.00000000
       15995.18            -0.00869406           -0.05616775            0.00000000            0.00000000
       15999.32             0.00231744            0.01497176            0.00000000            0.00000000
       16020.79             0.00238508            0.01540873            0.00000000            0.00000000
       17729.13            -0.01639696           -0.10593217            0.00000000            0.00000000
       17782.52            -0.01236661           -0.07989419            0.00000000            0.00000000
       18041.42             0.00030995            0.00200245            0.00000000            0.00000000
       18131.09             0.00284576            0.01838494            0.00000000            0.00000000
       18278.13             0.05842953            0.37748246            0.00000000            0.00000000
       18323.84            -0.05548241           -0.35844268            0.00000000            0.00000000
       18386.43            -0.00817916           -0.05284123            0.00000000            0.00000000
       18407.45             0.01692662            0.10935401            0.00000000            0.00000000
       18592.63             0.14053521            0.90792408            0.00000000            0.00000000
       18606.65             0.08136895            0.52568203            0.00000000            0.00000000
       18679.80            -0.40923768           -2.64386949            0.00000000            0.00000000
       18696.80            -0.51078580           -3.29991851            0.00000000            0.00000000
       18956.51             0.00695611            0.04493977            0.00000000            0.00000000
       19048.39            -0.01007445           -0.06508571            0.00000000            0.00000000
       19079.86             0.02693408            0.17400695            0.00000000            0.00000000
       19086.92            -0.05937425           -0.38358581            0.00000000            0.00000000
       22480.25            -0.01310718           -0.08467859            0.00000000            0.00000000
       22653.40            -0.03808260           -0.24603168            0.00000000            0.00000000
       22667.05             0.02340061            0.15117901            0.00000000            0.00000000
       22791.45            -0.02141757           -0.13836764            0.00000000            0.00000000
       22822.94             0.01590305            0.10274124            0.00000000            0.00000000
       22828.57            -0.02374002           -0.15337181            0.00000000            0.00000000
       22885.12             0.01761915            0.11382808            0.00000000            0.00000000
       23655.36            -0.01369041           -0.08844656            0.00000000            0.00000000
       23665.13            -0.00155476           -0.01004448            0.00000000            0.00000000
       23702.50             0.01652215            0.10674091            0.00000000            0.00000000
       23790.44             0.00243163            0.01570949            0.00000000            0.00000000
       24022.85             0.00007272            0.00046982            0.00000000            0.00000000
       24160.63            -0.00159393           -0.01029756            0.00000000            0.00000000
       24230.68             0.00362059            0.02339070            0.00000000            0.00000000
       24304.15            -0.00080353           -0.00519116            0.00000000            0.00000000
       25108.07            -0.06996781           -0.45202521            0.00000000            0.00000000
       25118.56             0.10293971            0.66503932            0.00000000            0.00000000
       25240.88            -0.03371502           -0.21781499            0.00000000            0.00000000
       25268.55             0.04330120            0.27974627            0.00000000            0.00000000
       25405.94            -0.00217091           -0.01402510            0.00000000            0.00000000
       25416.34            19.23712018          124.28091962            0.00000000            0.00000000
       25423.88             0.33956454            2.19374799            0.00000000            0.00000000
       25431.57            19.09362364          123.35386396            0.00000000            0.00000000
       25512.33            -0.01986825           -0.12835834            0.00000000            0.00000000
       25581.23             0.02071547            0.13383178            0.00000000            0.00000000
       25655.27             0.92185800            5.95563987            0.00000000            0.00000000
       25711.41           -18.77704469         -121.30861381            0.00000000            0.00000000
       25741.90           -18.69331741         -120.76769582            0.00000000            0.00000000
       25757.57             0.80925502            5.22817122            0.00000000            0.00000000
       25831.37           -19.21658820         -124.14827332            0.00000000            0.00000000
       25835.12           -18.38521924         -118.77723555            0.00000000            0.00000000
       25902.59            18.88198027          121.98654738            0.00000000            0.00000000
       25916.05            19.20906435          124.09966569            0.00000000            0.00000000
       25920.89            -1.22922791           -7.94139529            0.00000000            0.00000000
       25990.85            -0.51815001           -3.34749478            0.00000000            0.00000000
       26113.57            -0.33305409           -2.15168737            0.00000000            0.00000000
       26184.46             0.69959626            4.51972365            0.00000000            0.00000000
       26333.56            -0.68963627           -4.45537734            0.00000000            0.00000000
       26471.56             0.68974482            4.45607867            0.00000000            0.00000000
       26710.42             0.12461539            0.80507454            0.00000000            0.00000000
       26714.32            -0.11969838           -0.77330829            0.00000000            0.00000000
       26734.55            -0.33596570           -2.17049778            0.00000000            0.00000000
       26764.17             0.29074136            1.87832708            0.00000000            0.00000000
       26897.86             0.09187178            0.59353526            0.00000000            0.00000000
       26904.60            -0.02228507           -0.14397210            0.00000000            0.00000000
       27220.41            -0.10399951           -0.67188613            0.00000000            0.00000000
       27230.36             0.18105470            1.16969926            0.00000000            0.00000000
       27862.66             0.00055662            0.00359600            0.00000000            0.00000000
       27867.30             0.00010297            0.00066525            0.00000000            0.00000000
       28350.88            -0.00105184           -0.00679537            0.00000000            0.00000000
       28360.44            -0.00075362           -0.00486872            0.00000000            0.00000000
       29209.30            -0.06994801           -0.45189732            0.00000000            0.00000000
       29215.26            -0.07000975           -0.45229619            0.00000000            0.00000000
       30447.65             0.04845341            0.31303200            0.00000000            0.00000000
       30458.85             0.04922843            0.31803899            0.00000000            0.00000000
       30906.81            -0.01422401           -0.09189382            0.00000000            0.00000000
       30911.00            -0.01376357           -0.08891921            0.00000000            0.00000000
       31393.09             0.45914626            2.96630256            0.00000000            0.00000000
       31399.41             0.46036742            2.97419186            0.00000000            0.00000000
       31935.45             0.05193850            0.33554737            0.00000000            0.00000000
       31937.90             0.05812062            0.37548675            0.00000000            0.00000000
       32206.83            -0.00257232           -0.01661838            0.00000000            0.00000000
       32486.54             0.00002651            0.00017128            0.00000000            0.00000000
       32507.10             0.00019505            0.00126011            0.00000000            0.00000000
       32621.74             0.00003836            0.00024784            0.00000000            0.00000000
       32764.43             0.07296752            0.47140475            0.00000000            0.00000000
       32784.79            -0.02675965           -0.17288003            0.00000000            0.00000000
       34020.08             0.00026267            0.00169698            0.00000000            0.00000000
       34046.69             0.00004783            0.00030899            0.00000000            0.00000000
       34206.59            -0.00426223           -0.02753602            0.00000000            0.00000000
       34213.37            -0.00467815           -0.03022304            0.00000000            0.00000000
       34352.83             4.85899606           31.39141896            0.00000000            0.00000000
       34385.70            -4.85090580          -31.33915203            0.00000000            0.00000000
       34897.73             0.05075025            0.32787071            0.00000000            0.00000000
       34958.09             0.00072416            0.00467842            0.00000000            0.00000000
       34991.90             0.00433513            0.02800698            0.00000000            0.00000000
       35026.42            -0.02074280           -0.13400835            0.00000000            0.00000000
       35034.61             0.01535289            0.09918694            0.00000000            0.00000000
       35040.34             0.00227931            0.01472543            0.00000000            0.00000000
       35050.34             0.01252085            0.08089063            0.00000000            0.00000000
       35057.81            -0.01574779           -0.10173820            0.00000000            0.00000000
       35091.19            -0.02006460           -0.12962685            0.00000000            0.00000000
       35093.67             0.06181402            0.39934787            0.00000000            0.00000000
       35124.84            -0.01480956           -0.09567676            0.00000000            0.00000000
       35200.46            -0.00282043           -0.01822132            0.00000000            0.00000000
       35300.08            -0.00190606           -0.01231403            0.00000000            0.00000000
       35384.26            -4.85076167          -31.33822091            0.00000000            0.00000000
       35505.80             0.11526782            0.74468476            0.00000000            0.00000000
       35511.99             4.88035434           31.52940353            0.00000000            0.00000000
       35600.17            -0.07413514           -0.47894818            0.00000000            0.00000000
       35605.02            -0.07195449           -0.46486015            0.00000000            0.00000000
       35682.04             0.00953513            0.06160144            0.00000000            0.00000000
       35862.86             0.01991491            0.12865974            0.00000000            0.00000000
       36094.31             0.00004766            0.00030793            0.00000000            0.00000000
       36164.84             0.00031382            0.00202740            0.00000000            0.00000000
       36172.40            -0.00028419           -0.00183602            0.00000000            0.00000000
       36246.80            -0.01091750           -0.07053222            0.00000000            0.00000000
       36345.12            -0.00013371           -0.00086385            0.00000000            0.00000000
       36353.95            -0.00757238           -0.04892118            0.00000000            0.00000000
       36391.49             0.00002138            0.00013814            0.00000000            0.00000000
       36401.76             0.00026977            0.00174285            0.00000000            0.00000000
       36534.28            -0.00081477           -0.00526380            0.00000000            0.00000000
       36702.63            -0.00165460           -0.01068947            0.00000000            0.00000000
       36717.97             0.00044369            0.00286643            0.00000000            0.00000000
       36809.47            -0.03208488           -0.20728357            0.00000000            0.00000000
       36814.28             0.00101849            0.00657992            0.00000000            0.00000000
       36827.92            -0.01801232           -0.11636812            0.00000000            0.00000000
       37452.27            -0.00815619           -0.05269286            0.00000000            0.00000000
       37470.41            -0.00451201           -0.02914975            0.00000000            0.00000000
       37479.13            -0.00827062           -0.05343210            0.00000000            0.00000000
       37489.90            -0.00507532           -0.03278899            0.00000000            0.00000000
       37530.57            -0.09320828           -0.60216971            0.00000000            0.00000000
       37549.16             0.00045436            0.00293541            0.00000000            0.00000000
       37589.86            -0.03100996           -0.20033908            0.00000000            0.00000000
       37601.90             0.00062219            0.00401964            0.00000000            0.00000000
       37614.44             0.00011948            0.00077187            0.00000000            0.00000000
       37727.81            -0.45700175           -2.95244802            0.00000000            0.00000000
       37826.71            -0.00190545           -0.01231008            0.00000000            0.00000000
       37834.85            -0.00614161           -0.03967772            0.00000000            0.00000000
       38183.55            -0.10917427           -0.70531754            0.00000000            0.00000000
       38233.74             0.08560147            0.55302611            0.00000000            0.00000000
       38309.20            -0.24184853           -1.56245620            0.00000000            0.00000000
       38363.76            -0.12868270           -0.83135125            0.00000000            0.00000000
       38431.13             0.02353957            0.15207682            0.00000000            0.00000000
       38441.85             0.00126178            0.00815168            0.00000000            0.00000000
       38455.60            -0.02000959           -0.12927143            0.00000000            0.00000000
       38460.92             0.06871092            0.44390511            0.00000000            0.00000000
       38483.63            -0.00056059           -0.00362170            0.00000000            0.00000000
       38496.35            -0.28284311           -1.82730062            0.00000000            0.00000000
       38535.83             0.00615589            0.03976994            0.00000000            0.00000000
       38621.47             0.41223056            2.66320494            0.00000000            0.00000000
       38630.34             0.41261691            2.66570090            0.00000000            0.00000000
       38679.77             0.01610887            0.10407094            0.00000000            0.00000000
       38716.47             0.03170397            0.20482267            0.00000000            0.00000000
       38750.42            -0.76460880           -4.93973546            0.00000000            0.00000000
       38756.75            -0.77464313           -5.00456201            0.00000000            0.00000000
       38965.83            -0.00937997           -0.06059903            0.00000000            0.00000000
       39086.11            -0.04161602           -0.26885919            0.00000000            0.00000000
       39160.11             0.00350070            0.02261618            0.00000000            0.00000000
       39210.98            -0.03209734           -0.20736405            0.00000000            0.00000000
       39267.67            -0.07999627           -0.51681384            0.00000000            0.00000000
       39331.70             0.00034448            0.00222553            0.00000000            0.00000000
       39367.05             0.01080472            0.06980365            0.00000000            0.00000000
       39560.33             0.00085870            0.00554758            0.00000000            0.00000000
       39686.56            -0.04335288           -0.28008018            0.00000000            0.00000000
       39731.21            -0.05480796           -0.35408543            0.00000000            0.00000000
       39993.60             0.02112803            0.13649706            0.00000000            0.00000000
       40000.55             0.01806776            0.11672630            0.00000000            0.00000000
       40242.96            -0.01634922           -0.10562368            0.00000000            0.00000000
       40291.83            -0.01711270           -0.11055614            0.00000000            0.00000000
       40686.28             0.18213716            1.17669241            0.00000000            0.00000000
       40731.76             0.17590095            1.13640358            0.00000000            0.00000000
       40989.36            -0.07901034           -0.51044427            0.00000000            0.00000000
       41219.58             0.00902237            0.05828879            0.00000000            0.00000000
       41265.32             0.01045201            0.06752491            0.00000000            0.00000000
       41277.46            -0.00211228           -0.01364630            0.00000000            0.00000000
       41302.67            -0.00275338           -0.01778817            0.00000000            0.00000000
       41521.15             0.04962351            0.32059140            0.00000000            0.00000000
       41536.73             0.05445786            0.35182362            0.00000000            0.00000000
       42108.93             0.03557495            0.22983103            0.00000000            0.00000000
       42114.38             0.03560785            0.23004360            0.00000000            0.00000000
       42344.36             0.00132506            0.00856051            0.00000000            0.00000000
       42358.91             0.00314194            0.02029840            0.00000000            0.00000000
       42602.18             0.01496277            0.09666656            0.00000000            0.00000000
       42641.83             0.01495365            0.09660770            0.00000000            0.00000000
       43279.43            -0.21810653           -1.40907164            0.00000000            0.00000000
       43281.69            -0.21836044           -1.41071199            0.00000000            0.00000000
       43853.61            -0.15470681           -0.99947937            0.00000000            0.00000000
       43870.02            -0.15438571           -0.99740493            0.00000000            0.00000000
       45278.47             0.00264575            0.01709281            0.00000000            0.00000000
       45284.11             0.00271461            0.01753766            0.00000000            0.00000000
       45676.31            -0.00094381           -0.00609749            0.00000000            0.00000000
       45678.96            -0.00082421           -0.00532476            0.00000000            0.00000000
       45804.30            -0.00003120           -0.00020159            0.00000000            0.00000000
       45833.80            -0.00028368           -0.00183270            0.00000000            0.00000000
       46596.07            -0.01144192           -0.07392021            0.00000000            0.00000000
       46611.08            -0.01196020           -0.07726859            0.00000000            0.00000000
       47791.76            -0.00123925           -0.00800615            0.00000000            0.00000000
       47802.06            -0.00231141           -0.01493281            0.00000000            0.00000000
       48092.31            -0.00110875           -0.00716302            0.00000000            0.00000000
       48099.44            -0.00109315           -0.00706229            0.00000000            0.00000000
       48177.67             0.00003017            0.00019493            0.00000000            0.00000000
       48186.41             0.00011943            0.00077156            0.00000000            0.00000000
       49336.50             0.00104076            0.00672377            0.00000000            0.00000000
       49355.43             0.00105958            0.00684540            0.00000000            0.00000000
       51337.61            -0.00251574           -0.01625288            0.00000000            0.00000000
       51353.42            -0.00250579           -0.01618856            0.00000000            0.00000000
       53246.44            -0.02238845           -0.14463998            0.00000000            0.00000000
       53253.52             0.03848938            0.24865968            0.00000000            0.00000000
       53355.77             0.04909531            0.31717901            0.00000000            0.00000000
       53381.79            -0.01806785           -0.11672687            0.00000000            0.00000000
       53537.48            -0.03342867           -0.21596508            0.00000000            0.00000000
       53547.94             0.00756036            0.04884353            0.00000000            0.00000000
       53668.38             0.01804611            0.11658646            0.00000000            0.00000000
       53693.46            -0.02913052           -0.18819699            0.00000000            0.00000000
       55283.08             0.02335027            0.15085381            0.00000000            0.00000000
       55457.65             0.01762331            0.11385491            0.00000000            0.00000000
       55617.37            -0.03558861           -0.22991930            0.00000000            0.00000000
       55632.39            -0.03578965           -0.23121812            0.00000000            0.00000000
       55716.00             0.03643957            0.23541687            0.00000000            0.00000000
       55907.04             0.03102275            0.20042168            0.00000000            0.00000000
